271540938869723145345981726608472593523698407497135862752319604936854271184267359
530070000600195000098000060800060003400803001700020006060000280000419005000080079
100920000524010000000000070050008102000000000402700090060000000000030945000071006
600120384008459072000006005000264030070080006940003000310000050089700000502000190
497200000000050008000000217005004300000000000010030450720100000080500000000008639
000000907000420180000705026100904000050000040000507009920108000034059000507000000
030050040008010000460000079000007600020090005004000000000080070600000030000100008
300200000000107000706030500070009080900020004010800050009040301000702000000008006
000000010400000000020019000000806000000020043000034000000500071010000000060000000
007000000008005000020090060000080040500400000000702000000010030000009200000004006
200080300060070084030500209000105408000000000402706000301007040720040060004010003